+18388837178
+18018089222
+17626909820
+15169015059
+15306891374
+15746220662
+14156380206
+14015793072
+15593084385
+19514631553
+15011387512
+18085036805
+18786234027
+14347413367
+18131729332
+13800975472
+19309412368
+13602750298
+14236425548
+15152014841
+17319788087
+15044694638
+19065975500
+17477450083
+13162389493
+13135928377
+15395167074
+18016578597
+16894387601
+13029016028
+15151126059
+15086656386
+14072684716
+19151797136
+12568024642
+19856372352
+18159680671
+13104601339
+18639005436
+15409123438
+17207106135
+19177475467
+16514302383
+15056143299
+19175087846
+14047513871
+17169166188
+16232300018
+12179832079
+16077482237
+16780283738
+19075411380
+18023114195
+16058848317
+19137373240
+13340123232
+12146046166
+17209045261
+18106674337
+18543198789
+19039177809
+18157729518
+13014364876
+14580686070
+17479321835
+14109206175
+17573316721
+16597003761
+18623629035
+19150921734
+13151420271
+17255719623
+13203494417
+13043691724
+17609255193
+13520253144
+12705849768
+12026700531
+17137439523
+16056937314
+15709312109
+18287953923
+17639964055
+17574949911
+17160486752
+19715586693
+18325096526
+15167898347
+19569068095
+19067111738
+19180231276
+15044943659
+13302177372
+15135259182
+19365315985
+15305624862
+17818503365
+14063766033
+15026099980
+16619459476
+18281464573
+18585004800
+15122826378
+14409351245
+14026787685
+15163117730
+13510402571
+19097331447
+17810167425
+12288896803
+19072055714
+19387841406
+16062738339
+12298318047
+12812612755
+15399542061
+19162097899
+16674865552
+12707721053
+15711540254
+17858603332
+15415345269
+19300083153
+19089046080
+14428686351
+17735208872
+13198304700
+12605435923
+13186519149
+19593767975
+13390122335
+13402238851
+12185501181
+12242470452
+18317599818
+13179983463
+14581903389
+14780209252
+16781330031
+14053714684
+15138461960
+14016336167
+12190015595
+16512542581
+19081372154
+12318098233
+18131950635
+16305729433
+15032073106
+13165303683
+16231018570
+12144882277
+15102150732
+17815576264
+12725325299
+17048371322
+19590263854
+12403994841
+19124247825
+17015084727
+17081968169
+15347430956
+15166181569
+18061997585
+19125341643
+14192190880
+16696410431
+18575109861
+12768234702
+12678994750
+19386789109
+16412653001
+18313374945
+16695989952
+12036790525
+18019122905
+18100830470
+19252774970
+18127902152
+12697152429
+17749702824
+17347805301
+19381896377
+19794027659
+13137482421
+15160968205
+15621594551
+17730323378
+12135599667
+15012635098
+17571510187
+15707339096
+12079268096
+15704103493
+19804992055
+15708737126
+17818937444
+15208356463
+14129574354
+15174620503
+13851638056
+19252456412
+18567395822
+13514345188
+12016036709
+14796880185
+13027137560
+13131829675
+15708394656
+17434151815
+12064707982
+19099931066
+13528963087
+14042882234
+13804032068
+17164822122
+12402714720
+16061768221
+16022270805
+13309644701
+12153369414
+14841178454
+17037092845
+14072939112
+14065458657
+12064797301
+18177263309
+14050172346
+12539802650
+18103960944
+12528718057
+13205358550
+19349200852
+15131355364
+14436006430
+18159065284
+16016951844
+15071175758
+14053715873
+12706594737
+17243159360
+14431924959
+12052621231
+18507876516
+17634688858
+17015681012
+14179662585
+12099036376
+13188771677
+14011760039
+16129914453
+14027392038
+13214176751
+14848129207
+15393269998
+17268735603
+15105139670
+18640703252
+14343915752
+15043508266
+14070234169
+18547835892
+12488186053
+16463434265
+19529217697
+15852853155
+19187989439
+16190996009
+19597161920
+19079757593
+18040269448
+15340683770
+19302754377
+18381790353
+18652343980
+17185871191
+12095815401
+17016841360
+15344324424
+19523633510
+13478611877
+17187496607
+13853544356
+15634298509
+12130944948
+19177171744
+18481002250
+17203271025
+18108429854
+15627373278
+16821403613
+18700705777
+19739901751
+16166334231
+13187994094
+16086480684
+15316004748
+17204272443
+15701311806
+13161190957
+14015931839
+17370217348
+19708197985
+13164139873
+18435057895
+16593488135
+19319585579
+13200761901
+17730280709
+12699933212
+14051428473
+15107308651
+17728388582
+16825636169
+16784611330
+12566707350
+15171545749
+12535418435
+17623110901
+13310843293
+14072673485
+13042492643
+17124377312
+18179764446
+12299932740
+19252670783
+16596738256
+16301559305
+17120229034
+15510711493
+16608009822
+12071176293
+19412186637
+13372537020
+17062011648
+16612047780
+16065604728
+18321724173
+16618368551
+13378159710
+13193725840
+18588123335
+19738523174
+14155586147
+14083931261
+13100931147
+18179573292
+12311281673
+16599621993
+12398511025
+17188512307
+12290630369
+12092434343
+17071993512
+14324034040
+19049995487
+16029276638
+19731865061
+12248413659
+12077959198
+16098915469
+19899899773
+17748405784
+18504024323
+13478244298
+16505453435
+13367171513
+15021006601
+13108910227
+17477325131
+16238730274
+17402281691
+17379481179
+19136361311
+19108207916
+17850880476
+16170702903
+15071030111
+15510642340
+19853106978
+15703266873
+16512398115
+16318822218
+18573275909
+14142040267
+15133505130
+17798544381
+19471832736
+15312968528
+12062543844
+12245853544
+19714721842
+19293137170
+12078213289
+18570673515
+14145063773
+15515296771
+15155166629
+19786501658
+19593759334
+14072253292
+18109182811
+17038313655
+17047963013
+18570341827
+17010207177
+12703309123
+16185622214
+15038308333
+15759801218
+12694015301
+15152627441
+13239381906
+18184037416
+17654441318
+18043697453
+17852938165
+19844025684
+13376117904
+18018640446
+14255664037
+12282570491
+13372646427
+12561794148
+16106511857
+13319073453
+12565394896
+13153016957
+18027693937
+18022691925
+16899233001
+18322495272
+17746234978
+14079128039
+13096354723
+12180221492
+14258449525
+14072301764
+19040019087
+18328657290
+15178823565
+19195998377
+15075988727
+15809989553
+13144352347
+18010605194
+14323598671
+14694036809
+13516115557
+15620130998
+13343565711
+13528480413
+19518714169
+15738402082
+12624457817
+14143065618
+12524278852
+16315897493
+16168576002
+19155966854
+19702380166
+15340118305
+12251949132
+16595286703
+18065544144
+18152267973
+17033146958
+16086270535
+14025044363
+16360197978
+12186226658
+13525398693
+16783991678
+16146472268
+15136085810
+14156871979
+17701759292
+14247224505
+16519704924
+16690425597
+19841012351
+15310479105
+12528690168
+17126891345
+12258438203
+18106527079
+19126735998
+16607180817
+15517336046
+17199335482
+18282234822
+13515937316
+14755554887
+18572056411
+19048565634
+15621834362
+19595493428
+14795380560
+17329189628
+13529649513
+15859364792
+18705475756
+19043776961
+16610363183
+12405936102
+15105024007
+15853625018
+13610598840
+13090437752
+17011071181
+17653959074
+14751868301
+17541139957
+17040557176
+19255356355
+14791842726
+16267880512
+15617551222
+19713189781
+17409321669
+19034887028
+15201205838
+18180971156
+13605940216
+15406179713
+18061439499
+14245018068
+19851146335
+13463446170
+17157764876
+18608446568
+18436550804
+14241394896
+19898295311
+12135369186
+17633075423
+15639828457
+18050010571
+17377694674
+16609345648
+18652145961
+12768237324
+15732425940
+14305814213
+19346645495
+13306162445
+16508888967
+19714602266
+14585997865
+12532316722
+16166992280
+12627969168
+12100602642
+15596132042
+18143685271
+19388845060
+14144397365
+16084134342
+13341342278
+19847776758
+14803912927
+16166526960
+13052644655
+16239209525
+15801089966
+19739762293
+13153252290
+17256779559
+18175637856
+13019486277
+16692169119
+18087579908
+19193909197
+13862557934
+16200696727
+18044433866
+19544749548
+14121479743
+17758615641
+12539765780
+14248404112
+12132615472
+12148518376
+13164721942
+14434223460
+13152143584
+15613323359
+17077071529
+15741551256
+17016443595
+17194342629
+16699458734
+18102163301
+14243043141
+12013254044
+17262511108
+17169736667
+12109379075
+12312591566
+15126847877
+15309920318
+18457466727
+14043028706
+18655308751
+12246345826
+16084189783
+13390095259
+13527399109
+15130587209
+16780371022
+14781970109
+19034520418
+14093454795
+12199668729
+16154358791
+13477286421
+13081959233
+16086854810
+14107992237
+12317720102
+18606535090
+12109892315
+16691736281
+19090685644
+15410976048
+18605905281
+17326807656
+18388798715
+12544687004
+15092872702
+19795002734
+14401583701
+14305431970
+16280395831
+15309396064
+16188216549
+14301671413
+18022815730
+18033792249
+14405924205
+12060537466
+12062168191
+16811050627
+19411630514
+16896834117
+13476166157
+18038670130
+19096661312
+14704288781
+13308642551
+17729793153
+18150656504
+14082353307
+19067216979
+15300129359
+16071928292
+19895650968
+18705459387
+19202135046
+18629640624
+16573283841
+19366254113
+14086404807
+17123296919
+12602096696
+19208191790
+15153172300
+19076016325
+18054615305
+13315358998
+17400726396
+12018004662
+16317061621
+19143773638
+19147751441
+17437579512
+16365535173
+16085919938
+18022984492
+12060406109
+16309334766
+12170754913
+15706228135
+17746591648
+14171325122
+14024213812
+16128714423
+16295896928
+13213469307
+19255558456
+13175185579
+17021347125
+13517626418
+12762017191
+13618970835
+15710163617
+15030074308
+18706231779
+19387646257
+13027092402
+17609584002
+18318029249
+12242222511
+15171781957
+19103834998
+14142669429
+15756706836
+17179439597
+19134402266
+19283125774
+17311930011
+14754947078
+18609911932
+15677228049
+17164576394
+18321600753
+19545602060
+14789707686
+19704474747
+14784196797
+14239177292
+16054904466
+16124006030
+13132544556
+14127163491
+16184416933
+19340727737
+12544972836
+17747829147
+19707813351
+13180272307
+12025396622
+19088526461
+16184363422
+19405432112
+13314056136
+17275062538
+18561656322
+16165118057
+13518853771
+13605773180
+19496216420
+13179427999
+12702472536
+13106170073
+12063500326
+14045023790
+15163697080
+19177552209
+19099755694
+13514941000
+13047329064
+13315539218
+13315326858
+19286796773
+19796975923
+17271994537
+17065294263
+17128062177
+16108603784
+16508575350
+14439019401
+17259456037
+12707430027
+15309864471
+17650157017
+12620044001
+17609934892
+12053030133
+19251634066
+19082788748
+17471905604
+14408783073
+19037003506
+12109739690
+19374851283
+16674040191
+18184225933
+15095564146
+14581904468
+15674517850
+18454322985
+15711600987
+12159322735
+18010009795
+16194801063
+16699922587
+12127098388
+15341829458
+17045504630
+19060071254
+19072049891
+13140784363
+18704932381
+17738622608
+18598651583
+13803112400
+15150251475
+16294762073
+13175006802
+16207802382
+17635113210
+14012924314
+12123661588
+19095869661
+15591738961
+19128292630
+19011864180
+12026333239
+17066834180
+19201386748
+13167127872
+13349505805
+18638452297
+12394926417
+17811887512
+19783972902
+14589726423
+18722445965
+12168885311
+18567396842
+16098535542
+12541372700
+18024213694
+18320162215
+12123069723
+13039854722
+15021578687
+16600194879
+17759126762
+19045808386
+15643862443
+14420082815
+17086833605
+19309106643
+16572274458
+12124481575
+13614199606
+17255489312
+19133244264
+13072347422
+12051489696
+17709674586
+16670963342
+17479942306
+12139401196
+18122743506
+16020604360
+18063114736
+15128315022
+12316146104
+13647786556
+13313014504
+12397834375
+15013595306
+13182107930
+16894317528
+17198804754
+12294853885
+13163659860
+14425108365
+19896980938
+12155187126
+18560512964
+16362424509
+15087794039
+16023323989
+19101749798
+14429952017
+17865261190
+14300722251
+13048562222
+19305559309
+13803869600
+12394161437
+15202807427
+16086369076
+14137033289
+14124220752
+13085145507
+12161843246
+19128675396
+19547802604
+12313179917
+19529933621
+18586424276
+15611543084
+13020142209
+14695906993
+13803240773
+14042326961
+15595359077
+12528052569
+17605246110
+16268804763
+19853738033
+19314672009
+15596339797
+12288204656
+12516746061
+15121834274
+15850758258
+13078481077
+19349978457
+16036532159
+13396491323
+14791547942
+15046541017
+17639233492
+15349757821
+18188483590
+13392976344
+13178761400
+19712135231
+14238866409
+14300559443
+14251940131
+14349321760
+15087804751
+13050733738
+13156490538
+12052214831
+19049813317
+12620149337
+17738236611
+17731520894
+16171019700
+12126938996
+13177429407
+16101811585
+17316077110
+13031633114
+19372545525
+19185974715
+16122760915
+12198759264
+14357775878
+15170295580
+18160041962
+19401117999
+16121197956
+16282114979
+13526105233
+16164071801
+16238784545
+15715950786
+19496791929
+19549140079
+15628325933
+16818561581
+16086420465
+13034566094
+16693818890
+19496144127
+15736822677
+15307542258
+16027009882
+15737507779
+17472738847
+17312644179
+15646804289
+13078703253
+12091591145
+19192756796
+15615528879
+16606920010
+12624091558
+12080575213
+19566676395
+16508290885
+16085314361
+17372485143
+15413606367
+14011687340
+15642477544
+16056425345
+14424297493
+16464106374
+12139165047
+13218912589
+14059214903
+17151929325
+14236142548
+18637474759
+15642159616
+15712105334
+17816394644
+18028796007
+19514504829
+17756694502
+16626973418
+16085996938
+13344985926
+12729161980
+13199802378
+15742724398
+13609109092
+13232121505
+19890622160
+17622047174
+14254158266
+19797169939
+12253847767
+19250233476
+12178912194
+19784277992
+18035450460
+18028806624
+14782516969
+12626516349
+16028501204
+16202446262
+15621234853
+14435583827
+18053563861
+12535746445
+14700273561
+17699836906
+16825243631
+19041711806
+16594151998
+13095541249
+18650586424
+19721689511
+14195760264
+14153706511
+16364205188
+14192347206
+19381278666
+17692825209
+17632159012
+14693132655
+19341642784
+17733000163
+12514727229
+12520109560
+14177924321
+13096979204
+12674715283
+16185734590
+16033888930
+17752609734
+18184488904
+19159009846
+12052135691
+16287176283
+17628763262
+19010956444
+15715377664
+19895948581
+16016208848
+19109916106
+14583759143
+15158200663
+19160312234
+12015052655
+12531279411
+12167310699
+17019476972
+18059442599
+17075610638
+19192887728
+15180395777
+19132761060
+13190451263
+13160354821
+14756837396
+18385615077
+12607000331
+17254663838
+18010838165
+19087506838
+18576751577
+15398065280
+15621064626
+13528386180
+19208884540
+15139503420
+19844456947
+12487052932
+14789186995
+17627119671
+19415524245
+18132545902
+15411834228
+17156361697
+17814912793
+17078529942
+17758078954
+15138670945
+19038491020
+19409040457
+15206744127
+18459159255
+18286783233
+15397111905
+12568000451
+17272238855
+19292477324
+18387973253
+13617617006
+16367143022
+19162246975
+13040732094
+12067004965
+15312406816
+17697930642
+16033773835
+16283875533
+14048437037
+14179330842
+19123944750
+19287361763
+12483180506
+16202953831
+16507094097
+12817571211
+19148365938
+17705139176
+15733211255
+19063796749
+15719711121
+18107454977
+16189535060
+17183494772
+12023921103
+15015603559
+17131760601
+17029007956
+16283031319
+12193481505
+14053250617
+17691013664
+19853313878
+18042600358
+19173189559
+13803002205
+18601339241
+18170761240
+13099342362
+18452083829
+13374239638
+19081258395
+16035475290
+13862653185
+18124771952
+15599488301
+18300275330
+17195984344
+16165410940
+18064744356
+14134354216
+17167236350
+14785564718
+17068411831
+16304934293
+19546104498
+15079331850
+14066596123
+19541179891
+16036031487
+19854564829
+18582625370
+14796237958
+15091994098
+16672411296
+17076356745
+17259340067
+13602688787
+17318655194
+18646524628
+16311969363
+13010898575
+15404873026
+14346034070
+16510550981
+13026555992
+15404268607
+13139805818
+17137066063
+18325819771
+18483671274
+14849895100
+14154309078
+13151021771
+13036479483
+16813874311
+19297208258
+12626504353
+19514613172
+15746105009
+15086879942
+12018738920
+12254278259
+17377655143
+19171391336
+14349732168
+15747761690
+16205845669
+15131737517
+15346114363
+16809016336
+14300912572
+16087089596
+18325430958
+17189499818
+16018649794
+16612498245
+12293481524
+15708024661
+16283570183
+19153583917
+13103371494
+13302172723
+19345936081
+16515128772
+17547667965
+17073858874
+18439323598
+12180411511
+17405651088
+17720226832
+17750709882
+14785232693
+16670638418
+16081078728
+15752939152
+15748802665
+16573680734
+17437374354
+17749705284
+12563783933
+17178447846
+12482893644
+19061156465
+16015866564
+17340593391
+18138374169
+14785139137
+15319969453
+13256540923
+16287278358
+17140222648
+17195198601
+13025205822
+14424854210
+17754252832
+13615093227
+16692229351
+15734743766
+19282623518
+16512438846
+13123684208
+15702028884
+12396652366
+13175485608
+13197478885
+17659642987
+18584332943
+19068564304
+18170435118
+17315365334
+18501613841
+16199381917
+17703909699
+14040220907
+18654236799
+19797145572
+17814090423
+15125637156
+13868985398
+14424892437
+13048086141
+14021526448
+16268638712
+13511570160
+12192422940
+17633504920
+12299022615
+13014960216
+18302682414
+13254541184
+18145726246
+18100559855
+17793658716
+17328000712
+12282985252
+19803368106
+17171034873
+14191430492
+19527080832
+18038452754
+17046331800
+12765275496
+12672983994
+14071161155
+17124553597
+17242872817
+19843727770
+12252945928
+16202917161
+13201180811
+19319554416
+18508793095
+19378128489
+16125482090
+14234376899
+17149016987
+17607555373
+13348758344
+12174696659
+15010861183
+14246968933
+15343824503
+19143948500
+12524739665
+13177103856
+14786165649
+16462616729
+16280580400
+19203719701
+13611736325
+15096986501
+16788521406
+12561424609
+12674734920
+18383143473
+13034319075
+19347592782
+12729149767
+19348114034
+13016660189
+19285366300
+17542067298
+13864910195
+15743535628
+18638636731
+18583919102
+15678772226
+13190822621
+12155871269
+17154780513
+17703504553
+18160819454
+17723322186
+18540612606
+12086758732
+17606064027
+17021628115
+19543095373
+13161176065
+16619665740
+12318316193
+14138987747
+19727112815
+17312041429
+14759278001
+16183069900
+16780208063
+19514338895
+19510649560
+14840590633
+14325818033
+16164915321
+18167244339
+14064875218
+12761429019
+13341925021
+14135516578
+18564427890
+18050909535
+19388974587
+16196049447
+16671173278
+12093357847
+18042092016
+12281325825
+19379530297
+13072701165
+12310900692
+15616437536
+18038401420
+14799890676
+19146751865
+15676005928
+13183473916
+19519699946
+13518726084
+15395184320
+13048905926
+13164501187
+13362632886
+17132020642
+15029097753
+15109831299
+19898663984
+16783437086
+17190011092
+13183261935
+16806682194
+13600518550
+12722606331
+18156669518
+15137325506
+16817399277
+14783864151
+13859336696
+19707369522
+15800703165
+16800957765
+15098747934
+18319636701
+18724453189
+18124102786
+12523364437
+15646372387
+18175983332
+13856534188
+18054466261
+13177497016
+18016852004
+18482693434
+14247832724
+16410252512
+18595266590
+19852307199
+13515717232
+13371724818
+19710346808
+17404407977
+13809369865
+19549305637
+15097163016
+15598555732
+19789323593
+17629498244
+17740892175
+14804954141
+18136987934
+18312159429
+16819510438
+12258492535
+18602920642
+19109433818
+17750029737
+12695631419
+15056554928
+13188617971
+18477895841
+16810287537
+19102661880
+18638412300
+12565746769
+19349594056
+19841116565
+12487205887
+14693997815
+14026930189
+15745412547
+13085010844
+19159239234
+19070134396
+13472440433
+12560576010
+15125155480
+17169561340
+12393034814
+17438484531
+12812991091
+12480324348
+14251388707
+14249656118
+17156026205
+13121084744
+17203700977
+16285321612
+15306731128
+12561414173
+14130400990
+19281907261
+14235564786
+19854416557
+14325337274
+14076174199
+18087863030
+12766122938
+19840018414
+16291193253
+16506196336
+12530402583
+18170950639
+13155903488
+14406172753
+16108584313
+13392509745
+14421806502
+19416516948
+12672667665
+13316569220
+18382917229
+17720520210
+17263930759
+17636595325
+19193378947
+15058451054
+19789189903
+17171604782
+16293925306
+18783374978
+18061478480
+19711513675
+14170494998
+16412974564
+13474616358
+15013340397
+18178793500
+17546659315
+19252409249
+19045453088
+14788710645
+12135968313
+14147899005
+14046731594
+12694854370
+17603782596
+17478928462
+19147461656
+12172524188
+13251992974
+19783599988
+17478108999
+19528938601
+18598222081
+15172201304
+12560546523
+12087593036
+14428354266
+19591183346
+16104352328
+18037245933
+18132999480
+17162482899
+12343275411
+14793973460
+13201653554
+12076624412
+12121427085
+19129495656
+15127229029
+19093876299
+19347731017
+18640943178
+12811307767
+17604004445
+14795268345
+12016681100
+14321063220
+18452718296
+12159259203
+17852170554
+19209970891
+14405033554
+19086628995
+16593040129
+15134092774
+18578999836
+12068603818
+17407420659
+17310410467
+17070452094
+16205335017
+18594819793
+12031988796
+12531354718
+13468698467
+16675906674
+16363296213
+16296576410
+17571851826
+19299492389
+17034803614
+17858391063
+18708494476
+19087437736
+17268118227
+19191673879
+15055032600
+18161554612
+16022970028
+13515309529
+18314789384
+17069858351
+16109990807
+16179319875
+16074564968
+13864730147
+14094005616
+16303668330
+19780814575
+15738985858
+17743517612
+17600476143
+13104370589
+16235137953
+15850214480
+17203103007
+15131643126
+15730241418
+13047990290
+13854510332
+16260048883
+14255179007
+12487252766
+19346076299
+12510439560
+12060405570
+17016414661
+13152884470
+15859084759
+13154014386
+12151253385
+19791384996
+14235561715
+18124294270
+16784724162
+14698221139
+14701682341
+19033794589
+12695035246
+19047999112
+15161756952
+19178211749
+13865889860
+19841181271
+16150260457
+12151537465
+12695473101
+14175234002
+18721477112
+19049027794
+18478163541
+13097783449
+14439367489
+12700087454
+17318388681
+18052934733
+12088543570
+17248035326
+12532901351
+16613723282
+15076824232
+15032163374
+19703159934
+12485855619
+13026989946
+19316773085
+19719896458
+16315762497
+14842449794
+14432841058
+12059012176
+16069205347
+16314770137
+12533090466
+13172588858
+17310963137
+18015515765
+12690639579
+19419436801
+14020830038
+13102716057
+14356180975
+14305595744
+12760678893
+18041457681
+19781323823
+16308287756
+17062819012
+13216751321
+14231432579
+12529102057
+18133218671
+12169682323
+16595314905
+19548478528
+14256044752
+16093213173
+17177146379
+12135913025
+12533247884
+17726578896
+19165820631
+17434632794
+14756970533
+13251863133
+13172604741
+14129368153
+12026733047
+19090721203
+16365509257
+12068774097
+18043974815
+13123546062
+18631869158
+18120007464
+12066304035
+15101305512
+13529094268
+18067854638
+16173953403
+19732820612
+14585072063
+17791814089
+13043029944
+16512828943
+13185157855
+15303055008
+15517211060
+15041651807
+12297117402
+14066886042
+12250022053
+13341162831
+17069275134
+19069143301
+19565420148
+16159702155
+16166976493
+17861294319
+12133889137
+19701133193
+18589646469
+12542612855
+19852190019
+14029264293
+16307107061
+16511806219
+18501656844
+14436113569
+15039805552
+17574211285
+15027803854
+12518202685
+15736229897
+15400144943
+15802808930
+12399249517
+14028884701
+13373971745
+17026202367
+14137523542
+19382873877
+16412587067
+15679062878
+16265931665
+14697324297
+13521888635
+12533181307
+15023825513
+19092347056
+19844645782
+17183010721
+12709232586
+13523672190
+12076254238
+18301089600
+19563448565
+15801890289
+17188611100
+13076180756
+12297149822
+12672216747
+16786780297
+15047099500
+19527634858
+13058361945
+15090152767
+18597560264
+19853904365
+17186539149
+15177511222
+15649226597
+19802311517
+18148958875
+18647140645
+19384076849
+19187081227
+16508286061
+13078633486
+17477110921
+13463122059
+12107910393
+19805298051
+18045041133
+14107718120
+12083904125
+14071306431
+19171874256
+14700027824
+12818061058
+16080538217
+17748580614
+13172565523
+17203950324
+18582260701
+12567704768
+19796320585
+12670317432
+17729163593
+12566397105
+12103401970
+12672637938
+15127300356
+16812172376
+16800919885
+17759847127
+14694874624
+14701817406
+14087244715
+14701979007
+12251562180
+17318764186
+17198026956
+13133871350
+19710938173
+16054367119
+18641753405
+16070921617
+17022016963
+19314433936
+17249393268
+13250314489
+17186514638
+12768482720
+16800723806
+16788104702
+19596386916
+18027651516
+19256823059
+13314405224
+19284169837
+14175702889
+12402589959
+18061727924
+14052560632
+16460875913
+15731287846
+15034973448
+16283452266
+12127584972
+12010775465
+14087756887
+13179122839
+17743341500
+14059610826
+18044966856
+19258407708
+18546556928
+18452032881
+14066076158
+15625636112
+19363725675
+15391923804
+17700552484
+14075261911
+12766154613
+13100439125
+15801324475
+19720771206
+18173843502
+14125732448
+18014261004
+14844658364
+17860007604
+12290983475
+16085241142
+13030575769
+19598533232
+19415259861
+17797329786
+13188699753
+15183232169
+12728583241
+16146212928
+16509665928
+14787687078
+19739438527
+13311059561
+16621134881
+19154195510
+13184512861
+12192544456
+14259300096
+13091533153
+15035484205
+14355349201
+17341238590
+14137003899
+19593606951
+18053805480
+19792682546
+19408302518
+15104797687
+15081867285
+12514338372
+14077077947
+17045892293
+16316339047
+15016221680
+13084943336
+17756506702
+15756155667
+13174883808
+12100163201
+15866331762
+14259108184
+17082661853
+16507501989
+15045885136
+18385173639
+15202383114
+14122192557
+18570038423
+17572453293
+15179803134
+16282749356
+14070681239
+16507316711
+12724207181
+18548217110
+12563946940
+18721470077
+13807114127
+18148956708
+14841728516
+15172797397
+19064436468
+13311248335
+19166143686
+18565014185
+14326276435
+13527198588
+14439985415
+18592260474
+14788010565
+15516673481
+16825573400
+12511560969
+12628470048
+16575504242
+18435771309
+19034303465
+19175739900
+18654116029
+15187454330
+13163879646
+13526432680
+16468035932
+19519941460
+16205541228
+14304071135
+17575619192
+16177854769
+14101251729
+18436881888
+13121462332
+16821313146
+12256583134
+19160699987
+13803500948
+15035238707
+16675497484
+13404407374
+13256350554
+18032384712
+16696147618
+19494903959
+13609752837
+14580808098
+17753932779
+17195031177
+14432197913
+13199503341
+17067378388
+12054205432
+13167933320
+16177416812
+19315816149
+17072572032
+13398509385
+16592542434
+17721437938
+17543279133
+15616520817
+17740985196
+14784491149
+17707862574
+14230224915
+17374275541
+19568609434
+12628575777
+17268285283
+12523552733
+12025823990
+17630207610
+19201443088
+13366766692
+19280980380
+12527903349
+19789768204
